0,83
Profunditat de 
penetròmetre
Colpeig 
DPSH
Colpeig NB
MOSTRA
N.F.
Nivells
0
0
0
-0,2
0
0
-0,4
22
27
-0,6
33
40
-0,8
30
36
-1
25
30
-1,2
22
27
-1,4
24
29
-1,6
20
24
-1,8
34
41
-2
35
42
-2,2
60
72
-2,4
64
77
-2,6
47
57
-2,8
27
33
-3
26
31
-3,2
32
39
-3,4
36
43
-3,6
37
45
-3,8
28
34
-4
30
36
-4,2
52
63
-4,4
66
80
-4,6
100
120
-4,8
-5
-5,2
-5,4
-5,6
-5,8
-6
-6,2
-6,4
-6,6
-6,8
-7
-7,2
-7,4
-7,6
-7,8
-8
-8,2
-8,4
-8,6
-8,8
-9
-9,2
-9,4
-9,6
-9,8
-10
-10,2
-10,4
-10,6
-10,8
-11
-11,2
-11,4
-11,6
-11,8
-12
Nivell 1
Rebuig  a -4,55  m
0
0
27
40
36
30
27
29
24
41
42
72
77
57
33
31
39
43
45
34
36
63
80
120
-12
-11
-10
-9
-8
-7
-6
-5
-4
-3
-2
-1
0
0
10
20
30
40
50
60
70
80
90
100
110
120
130
Colpeig (N B)
Gràfica de l'assaig de penetració
ASSAIG DE PENETRACIÓ DINÀMICA: 
P-1   +212,50 msnm, segons el planol del ICGC.
OBRA: C/ DE LA MIRANDA                                                             POBLACIÓ: RUBÌ
DATA: 14/11/25                                                                                NÚMERO D´INFORME: 3001631
